2.657490685950048004e-01 9.788724908430379568e-02 -2.037965347876810052e-01 2.316597904496228988e-01 3.025743371055266140e-01 7.273157148252594739e-01 1.698309484517203649e-01 -2.030367201993937484e-02 -2.896197887064402843e-01 3.015334844399066294e-01
-5.185317689710478017e-01 3.084821825644683269e-02 2.986308271282879789e-01 5.351887961813955874e-01 -1.650570382199468000e-01 1.709799967858734171e-01 -3.348927187310534737e-01 1.628901857082704352e-01 1.752226410680761959e-01 3.587456881411685283e-01
3.668184023037648345e-01 2.526865512336290975e-01 3.590958604942968146e-01 -3.949641589165235889e-01 -5.286559896559792637e-01 9.986607103407017794e-02 -2.182975759680959860e-01 6.767528326835492436e-02 -1.963529970998383611e-01 3.693353219666093423e-01
-5.973841565676304421e-01 -2.851371864746849588e-02 7.107709869571539330e-02 -5.241517602129954767e-01 3.000515912711008149e-01 -3.669975875968516099e-02 1.844432678969043227e-01 3.964682540181809628e-02 -3.459154148310918941e-01 3.404491472532361618e-01
-3.081189625016728800e-02 7.483589012957388986e-01 -3.573368988462473084e-01 1.150067602601469174e-01 2.993956264080132202e-03 -3.337946893141602311e-01 1.953239353262954392e-01 -1.101303168827750117e-01 1.868717623595113342e-01 3.185346564417542714e-01
2.855266339916467944e-01 -2.200895573279791906e-01 2.657901689274298068e-02 2.145701447031558573e-01 3.723004496308576772e-01 -4.747290346379055004e-01 -4.181105840005919783e-01 -2.339171841936148188e-01 -3.183734813165170485e-01 3.583541162817807102e-01
4.138723607132415577e-02 -3.071009546841809712e-01 1.086006521455231966e-01 3.323327368424141004e-01 -3.787787180181831359e-01 -2.418254722049702210e-01 6.843786905357474026e-01 -4.374153390385325177e-03 -2.602237847728625098e-01 2.089840449157865376e-01
-3.965002329395221625e-02 -4.355355700484190296e-01 -6.767126928861482149e-01 -1.844501442633080801e-01 -3.104655203168823485e-01 5.686954497218266180e-02 -1.667835886663598943e-01 3.116435421768551373e-02 2.400137300657195216e-01 3.616035964286579141e-01
2.880625707015987413e-01 -1.404746547235199428e-01 2.592746322884622034e-01 -1.149596960580967914e-01 3.639393834091869673e-01 -7.880886535020634187e-02 2.236225399996011332e-01 4.807633811317760242e-01 5.472949131987498994e-01 3.122704868773281128e-01
-1.840549800356248988e-02 -1.121923901752562014e-01 2.644450827488727951e-01 -1.105685400580340705e-01 2.768053360950931477e-02 1.604571434298356081e-01 1.347785853705359138e-01 -8.172716922699706510e-01 4.075143805943075570e-01 1.619831414664611724e-01